LinearRegression:
  b1: 0.35269231270956386
  b2: 0.10977344605072546
  k1: -0.0003578822127342015
  k2: -0.00036007690731900836
blue:
  hmax: 267
  hmin: 168
  smax: 255
  smin: 41
  vmax: 255
  vmin: 0
customize:
  hmax: 360
  hmin: 0
  smax: 255
  smin: 0
  vmax: 255
  vmin: 0
green:
  hmax: 138
  hmin: 69
  smax: 255
  smin: 90
  vmax: 255
  vmin: 0
red:
  hmax: 21
  hmin: 360
  smax: 255
  smin: 32
  vmax: 255
  vmin: 0
